4294967278,16
4294967278,15
4294967278,14
4294967278,13
4294967278,7
4294967279,131
4294967279,16
4294967279,15
4294967294,80
4294967294,75
4294967294,104
4294967294,106
4294967294,169
4294967294,174
4294967294,17
4294967294,42
4294967294,67
4294967294,99
4294967294,76
4294967294,41
4294967294,25
4294967294,26
4294967294,979
4294967294,43
4294967294,432
4294967294,52
4294967294,474
4294967294,27
4294967294,82
4294967294,969
4294967294,83
4294967293,131
4294967293,130
4294967293,129
4294967293,128
4294967293,127
4294967293,126
4294967293,125
4294967293,124
4294967293,123
4294967293,122
4294967293,121
4294967293,120
4294967293,119
4294967293,118
4294967293,117
4294967293,116
4294967293,115
4294967293,114
4294967293,113
4294967293,112
4294967293,111
4294967293,110
4294967293,109
4294967293,108
4294967293,107
4294967293,106
4294967293,105
4294967293,104
4294967293,103
4294967293,102
4294967293,101
4294967293,100
4294967293,99
4294967293,98
4294967293,97
4294967293,96
4294967293,95
4294967293,94
4294967293,93
4294967293,92
4294967293,91
4294967293,90
4294967293,89
4294967293,87
4294967293,86
4294967293,85
4294967293,84
4294967293,83
4294967293,82
4294967293,81
4294967293,80
4294967293,79
4294967293,78
4294967293,77
4294967293,76
4294967293,75
4294967293,74
4294967293,73
4294967293,72
4294967293,71
4294967293,70
4294967293,69
4294967293,68
4294967293,67
4294967293,66
4294967293,65
4294967293,64
4294967293,63
4294967293,62
4294967293,61
4294967293,60
4294967293,59
4294967293,58
4294967293,57
4294967293,56
4294967293,55
4294967293,54
4294967293,53
4294967293,52
4294967293,51
4294967293,50
4294967293,49
4294967293,48
4294967293,47
4294967293,46
4294967293,45
4294967293,44
4294967293,43
4294967293,42
4294967293,41
4294967293,40
4294967293,39
4294967293,38
4294967293,37
4294967293,36
4294967293,35
4294967293,34
4294967293,33
4294967293,32
4294967293,31
4294967293,30
4294967293,29
4294967293,28
4294967293,27
4294967293,26
4294967293,25
4294967293,24
4294967293,23
4294967293,22
4294967293,21
4294967293,20
4294967293,19
4294967293,18
4294967293,17
4294967293,16
4294967293,15
4294967293,14
4294967293,13
4294967293,12
4294967293,11
4294967293,10
4294967293,9
4294967293,8
4294967293,7
4294967293,6
4294967293,5
4294967293,4
4294967293,3
4294967278,519
4294967278,132
4294967278,518
4294967278,131
4294967278,562
4294967278,130
4294967278,129
4294967278,128
4294967278,254
4294967278,127
4294967278,559
4294967278,126
4294967278,558
4294967278,125
4294967278,124
4294967278,123
4294967278,122
4294967278,250
4294967278,121
4294967278,248
4294967278,120
4294967278,119
4294967278,118
4294967278,117
4294967278,241
4294967278,116
4294967278,239
4294967278,115
4294967278,114
4294967278,113
4294967278,112
4294967278,233
4294967278,111
4294967278,110
4294967278,109
4294967278,227
4294967278,108
4294967278,107
4294967278,223
4294967278,106
4294967278,105
4294967278,104
4294967278,103
4294967278,102
4294967278,316
4294967278,550
4294967278,95
4294967278,549
4294967278,346
4294967278,343
4294967278,341
4294967278,532
4294967278,315
4294967278,531
4294967278,72
4294967278,71
4294967278,340
4294967278,323
4294967278,62
4294967278,339
4294967278,51
4294967278,50
4294967278,49
4294967278,48
4294967278,46
4294967278,45
4294967278,338
4294967278,43
4294967278,42
4294967278,41
4294967278,348
4294967278,37
4294967278,347
4294967278,342
4294967278,12
4294967278,11
4294967278,9
4294967278,8
4294967278,260
4294967278,5
4294967278,4
4294967279,130
4294967279,406
4294967279,405
4294967279,404
4294967279,71
4294967279,379
4294967279,69
4294967279,331
4294967279,68
4294967279,321
4294967279,65
4294967279,387
4294967279,64
4294967279,403
4294967279,399
4294967279,297
4294967279,54
4294967279,325
4294967279,49
4294967279,295
4294967279,48
4294967279,402
4294967279,398
4294967279,323
4294967279,39
4294967279,307
4294967279,34
4294967279,375
4294967279,33
4294967279,289
4294967279,29
4294967279,372
4294967279,28
4294967279,288
4294967279,27
4294967279,305
4294967279,24
4294967279,367
4294967279,23
4294967279,304
4294967279,22
4294967279,278
4294967279,19
4294967279,270
4294967279,18
4294967279,303
4294967279,17
4294967279,401
4294967279,260
4294967279,266
4294967279,14
4294967279,276
4294967279,13
4294967279,366
4294967279,12
4294967279,11
4294967279,287
4294967279,9
4294967279,286
4294967279,8
4294967279,174
4294967279,257
4294967279,7
4294967279,6
4294967279,5
4294967279,400
4294967279,386
4294967279,4
4294967278,40
4294967278,522
4294967278,39
4294967278,471
4294967278,538
4294967278,0
4294967278,38
4294967279,38
4294967279,376
4294967294,50
4294967294,179
4294967294,30
4294967294,386
4294967294,81
4294967294,187
4294967294,18
4294967294,127
4294967294,14
4294967294,126
4294967294,20
4294967294,13
4294967294,12
4294967294,11
4294967294,173
4294967294,0
4294967294,790
4294967294,743
4294967294,742
4294967294,737
4294967294,152
4294967294,736
4294967294,735
4294967294,733
4294967294,732
4294967294,731
4294967294,729
4294967294,727
4294967294,726
4294967294,725
4294967294,724
4294967294,723
4294967294,722
4294967294,719
4294967294,717
4294967294,716
4294967294,715
4294967294,714
4294967294,711
4294967294,710
4294967294,709
4294967294,706
4294967294,704
4294967294,702
4294967294,701
4294967294,698
4294967294,148
4294967294,697
4294967294,695
4294967294,692
4294967294,685
4294967294,682
4294967294,681
4294967294,679
4294967294,738
4294967294,674
4294967294,673
4294967294,671
4294967294,666
4294967294,665
4294967294,660
4294967294,145
4294967294,658
4294967294,654
4294967294,653
4294967294,652
4294967294,651
4294967294,650
4294967294,648
4294967294,644
4294967294,643
4294967294,641
4294967294,638
4294967294,636
4294967294,635
4294967294,634
4294967294,633
4294967294,632
4294967294,630
4294967294,629
4294967294,627
4294967294,626
4294967294,625
4294967294,624
4294967294,621
4294967294,620
4294967294,616
4294967294,613
4294967294,612
4294967294,611
4294967294,610
4294967294,609
4294967294,608
4294967294,607
4294967294,606
4294967294,605
4294967294,603
4294967294,600
4294967294,599
4294967294,595
4294967294,594
4294967294,593
4294967294,150
4294967294,588
4294967294,585
4294967294,584
4294967294,583
4294967294,579
4294967294,317
4294967294,313
4294967294,312
4294967294,311
4294967294,310
4294967294,307
4294967294,304
4294967294,302
4294967294,301
4294967294,299
4294967294,298
4294967294,296
4294967294,294
4294967294,293
4294967294,292
4294967294,133
4294967294,290
4294967294,289
4294967294,287
4294967294,286
4294967294,279
4294967294,278
4294967294,276
4294967294,274
4294967294,271
4294967294,270
4294967294,269
4294967294,267
4294967294,266
4294967294,264
4294967294,262
4294967294,261
4294967294,128
4294967294,259
4294967294,258
4294967294,257
4294967294,255
4294967294,254
4294967294,252
4294967294,249
4294967294,248
4294967294,130
4294967294,246
4294967294,243
4294967294,241
4294967294,240
4294967294,237
4294967294,236
4294967294,234
4294967294,233
4294967294,229
4294967294,226
4294967294,223
4294967294,222
4294967294,572
4294967294,220
4294967294,218
4294967294,213
4294967294,211
4294967294,210
4294967294,209
4294967294,208
4294967294,207
4294967294,144
4294967294,205
4294967294,203
4294967294,201
4294967294,200
4294967294,199
4294967294,197
4294967294,194
4294967294,193
4294967294,566
4294967294,564
4294967294,562
4294967294,561
4294967294,560
4294967294,557
4294967294,555
4294967294,553
4294967294,559
4294967294,139
4294967294,558
4294967294,568
4294967294,543
4294967294,542
4294967294,136
4294967294,540
4294967294,575
4294967294,129
4294967294,149
4294967294,147
4294967294,535
4294967294,574
4294967294,146
4294967294,569
4294967294,534
4294967294,135
4294967294,622
4294967294,571
4294967294,70
4294967294,141
4294967294,72
4294967294,619
4294967294,132
4294967294,71
4294967294,1521
4294967294,1518
4294967294,447
4294967294,185
4294967294,1517
4294967294,414
4294967294,408
4294967294,1523
4294967294,1984
4294967294,1522
4294967294,1412
1,0
4294967294,971
4294967294,970
4294967294,968
4294967294,967
4294967294,1422
4294967294,1410
4294967294,953
4294967294,785
4294967294,1432
4294967294,1417
4294967294,944
4294967294,1418
4294967294,497
4294967294,495
4294967294,782
4294967294,1468
4294967294,389
4294967294,1413
4294967294,769
4294967294,1457
4294967294,1460
4294967294,1454
4294967294,1464
4294967294,444
4294967294,1444
4294967294,186
4294967294,1448
4294967294,1449
4294967294,1436
4294967294,426
4294967294,1466
4294967294,1459
4294967294,1456
4294967294,1443
4294967294,1442
4294967294,1438
4294967294,1427
4294967294,1424
4294967294,429
4294967294,1520
4294967294,456
4294967294,442
4294967294,431
4294967294,1414
4294967294,393
4294967294,353
4294967294,352
4294967294,351
4294967294,350
4294967294,349
4294967294,347
4294967294,329
4294967294,328
4294967294,327
4294967294,326
4294967294,325
4294967294,324
4294967294,323
4294967294,322
4294967294,321
4294967294,348
4294967294,320
4294967294,346
4294967294,345
4294967294,344
4294967294,343
4294967294,342
4294967294,340
4294967294,339
4294967294,338
4294967294,337
4294967294,336
4294967294,335
4294967294,334
4294967294,333
4294967294,332
4294967294,331
4294967294,341
4294967294,330
4294967294,31
4294967294,954
4294967294,779
4294967294,951
4294967294,796
4294967294,902
4294967294,1482
4294967294,1455
4294967294,793
4294967294,952
4294967278,286
4294967278,539
4294967278,570
4294967278,314
4294967278,298
4294967278,231
4294967278,221
4294967278,219
4294967278,217
4294967279,352
4294967278,548
4294967279,397
4294967278,336
4294967278,534
4294967278,524
4294967278,530
4294967278,305
4294967279,396
4294967279,300
4294967278,526
4294967279,328
4294967278,525
